[10:21:43] [INFO ] news: sentiment engine = FinBERT (ProsusAI/finbert)

[W1] 2015-01-01 ~ 2019-01-01  fetching + precomputing signals...
[W1] fetch done in 78.0s, sweeping 17 ATR values...
[W1] sweep done in 118.2s (total 196.2s)

[W2] 2017-07-01 ~ 2021-07-01  fetching + precomputing signals...
[W2] fetch done in 78.0s, sweeping 17 ATR values...
[W2] sweep done in 130.1s (total 208.1s)

[W3] 2020-01-01 ~ 2024-01-01  fetching + precomputing signals...
[W3] fetch done in 78.4s, sweeping 17 ATR values...
[W3] sweep done in 149.1s (total 227.5s)

[W4] 2022-07-01 ~ 2026-07-03  fetching + precomputing signals...
[W4] fetch done in 78.7s, sweeping 17 ATR values...
[W4] sweep done in 158.9s (total 237.6s)

ALL DONE in 869.4s. Full per-trade logs: _atr_walkforward_sweep.log

==============================================================================
四窗口 Walk-Forward ATR 扫描结果
==============================================================================

[W1] 2015-01-01 ~ 2019-01-01
     ATR      收益%   Sharpe      回撤%    交易数    胜率%   综合排名
     2.5     1.88    0.097   -13.02    590   35.8     32
    2.75     4.08    0.148   -15.02    543   35.2     30
     3.0     9.46    0.267   -14.19    503   35.0     28
    3.25    15.55    0.407   -14.29    479   35.9     26
     3.5    22.09    0.511   -12.76    455   37.1     20
    3.75    21.54    0.496   -13.74    442   36.9     22
     4.0    27.28    0.538   -13.13    431   34.8     14
    4.25    31.52    0.597   -14.53    412   35.2      5
     4.5    18.63    0.437   -13.78    401   35.9     24
    4.75    24.16    0.533   -14.25    383   35.5     18
     5.0    33.24    0.668   -14.71    369   35.8      0 <== BEST
    5.25    30.69    0.650   -14.38    368   35.3      3
     5.5    27.12    0.592   -14.88    364   34.3     12
    5.75    27.88    0.599   -14.54    368   34.8      7
     6.0    27.33    0.583   -16.39    364   34.6     11
    6.25    25.73    0.558   -15.12    358   32.7     15
     6.5    29.89    0.613   -17.33    349   32.4      5

[W2] 2017-07-01 ~ 2021-07-01
     ATR      收益%   Sharpe      回撤%    交易数    胜率%   综合排名
     2.5    39.93    0.767   -13.31    523   37.7     32
    2.75    46.43    0.848   -12.74    478   38.9     25
     3.0    61.48    1.005   -12.91    439   39.2     12
    3.25    81.01    1.196   -13.87    396   38.1      1 <== BEST
     3.5    74.89    1.154   -14.86    379   38.3      7
    3.75    75.10    1.165   -15.21    362   38.7      5
     4.0    68.36    1.103   -15.21    361   37.7     10
    4.25    74.47    1.168   -16.67    339   37.8      6
     4.5    82.48    1.187   -15.56    326   38.3      1
    4.75    60.85    0.999   -15.27    323   38.1     14
     5.0    56.97    0.947   -16.10    330   37.0     18
    5.25    55.63    0.920   -16.33    322   35.7     20
     5.5    44.79    0.813   -17.40    317   36.0     28
    5.75    43.95    0.788   -17.57    311   34.7     30
     6.0    54.15    0.841   -19.15    311   32.8     25
    6.25    58.55    0.869   -17.53    322   31.1     18
     6.5    58.32    0.862   -18.65    320   30.3     20

[W3] 2020-01-01 ~ 2024-01-01
     ATR      收益%   Sharpe      回撤%    交易数    胜率%   综合排名
     2.5    34.87    0.695   -22.10    557   33.4     32
    2.75    37.06    0.716   -21.88    515   34.6     30
     3.0    45.64    0.817   -22.43    484   34.1     26
    3.25    61.74    0.982   -21.43    450   32.9      7
     3.5    64.78    1.006   -22.81    426   32.6      2
    3.75    65.84    1.012   -23.67    408   30.6      0 <== BEST
     4.0    56.04    0.909   -22.88    397   30.2     13
    4.25    53.20    0.877   -23.57    394   30.7     15
     4.5    52.74    0.867   -23.43    378   30.2     17
    4.75    50.05    0.829   -24.89    370   28.9     24
     5.0    63.05    0.972   -21.22    341   30.5      8
    5.25    63.75    0.975   -21.50    339   29.8      6
     5.5    51.85    0.847   -21.03    338   29.3     21
    5.75    52.18    0.838   -23.02    333   28.5     21
     6.0    64.61    0.864   -26.77    325   27.7     10
    6.25    60.19    0.817   -27.59    330   25.5     19
     6.5    58.49    0.796   -27.45    326   24.8     21

[W4] 2022-07-01 ~ 2026-07-03
     ATR      收益%   Sharpe      回撤%    交易数    胜率%   综合排名
     2.5    40.47    0.748   -14.30    584   36.8     32
    2.75    42.69    0.764   -14.35    532   36.3     30
     3.0    54.96    0.884   -13.38    486   38.1     28
    3.25    74.83    1.117   -14.44    456   36.6     16
     3.5    63.45    0.993   -16.20    428   35.5     25
    3.75    69.87    1.060   -15.21    408   34.3     20
     4.0    75.14    1.067   -14.16    368   34.5     17
    4.25    95.92    1.289   -15.69    347   37.5      6
     4.5    67.73    0.963   -15.61    349   34.7     25
    4.75    86.98    1.087   -18.63    329   34.3     14
     5.0    77.38    1.038   -17.20    302   33.4     19
    5.25    89.38    1.144   -16.87    299   32.8     11
     5.5   102.02    1.164   -18.87    283   33.9      7
    5.75   131.37    1.337   -19.39    261   34.5      1 <== BEST
     6.0   107.69    1.199   -19.98    276   31.9      5
    6.25    90.04    1.058   -19.40    280   28.9     15
     6.5   154.38    1.297   -17.37    269   29.4      1

==============================================================================
各窗口最佳 ATR 汇总
==============================================================================
  W1: ATR=5.0  收益=33.24%  Sharpe=0.668  回撤=-14.71%
  W2: ATR=3.25  收益=81.01%  Sharpe=1.196  回撤=-13.87%
  W3: ATR=3.75  收益=65.84%  Sharpe=1.012  回撤=-23.67%
  W4: ATR=5.75  收益=131.37%  Sharpe=1.337  回撤=-19.39%

最佳ATR跨窗口范围: 3.25 ~ 5.75  (spread=2.5)
=> 四窗口最佳ATR差异明显，固定ATR证据不足，值得考虑动态/分regime的ATR。
